279 269
285 220
261 317
229 266
325 254
324 313
236 212
221 345
291 359
337 208
301 175
198 296
362 287
249 168
187 238
245 396
391 234
344 362
293 407
200 181
351 165
234 446
191 398
407 282
379 330
281 474
169 347
281 129
183 466
391 190
439 237
227 127
325 445
326 124
470 198
157 278
475 272
147 411
354 401
439 316
403 145
131 476
180 134
302 303
400 371
257 364
159 194
236 485
439 170
361 244
29 30
362 477
370 114
103 437
256 88
449 121
82 24
237 297
65 470
466 353
276 436
126 364
245 247
199 90
